sohk_stepSize = 0.1;

%% Calibrations used in the SOH feature
sohc_filter_coeff = 0.9995;
sohc_current_threshold = 0.1;
sohc_pct_R_limit = 30;
sohk_delta_time = 0.1;

sohk_CellBalancingResistor = 1.1;

sohc_customer_filter_coeff = 0.9;
sohv_factoryInit_sohr = ones(40,1);
sohv_factoryInit_sohc = ones(40,1);

bmsc_InternalDischgResistY = 0:1:100;
bmsc_InternalDischgResistX = [0 23 40];
bmsc_InternalDischgResistZ = [0.052496279999999999	0.050913659999999999	0.049382679999999998	0.047902229999999997	0.046471249999999999	0.045088669999999997	0.043753430000000003	0.042464509999999997	0.041220859999999998	0.04002149	0.038865379999999998	0.037751550000000002	0.036679030000000001	0.035646850000000001	0.03465406	0.033699720000000002	0.032782899999999997	0.031902680000000003	0.03105815	0.03024843	0.029472620000000001	0.028729850000000001	0.028019260000000001	0.027339990000000002	0.02669121	0.026072080000000001	0.025481779999999999	0.024919489999999999	0.024384409999999999	0.023875759999999999	0.02339273	0.022934570000000001	0.022500510000000001	0.02208978	0.021701649999999999	0.021335369999999999	0.020990209999999999	0.020665449999999998	0.020360380000000001	0.0200743	0.019806500000000001	0.019556299999999999	0.01932302	0.019105980000000002	0.018904529999999999	0.018717999999999999	0.018545740000000002	0.018387110000000002	0.018241469999999999	0.01810821	0.017986680000000001	0.01787629	0.017776429999999999	0.017686480000000001	0.017605869999999999	0.017534000000000001	0.017470289999999999	0.017414160000000001	0.017365060000000002	0.01732241	0.017285660000000001	0.017254249999999999	0.017227659999999999	0.017205330000000001	0.017186730000000001	0.017171329999999999	0.017158619999999999	0.01714808	0.0171392	0.017131460000000001	0.01712437	0.017117440000000001	0.017110170000000001	0.017102079999999999	0.017092679999999999	0.017081510000000001	0.017068079999999999	0.01705193	0.01703261	0.017009639999999999	0.016982589999999999	0.016950989999999999	0.016914410000000001	0.016872399999999999	0.016824519999999999	0.01677035	0.016709450000000001	0.016641400000000001	0.016565779999999999	0.016482170000000001	0.016390149999999999	0.016289319999999999	0.016179269999999999	0.0160596	0.0159299	0.01578978	0.015638840000000001	0.015476699999999999	0.015302970000000001	0.01511727	0.01491921;
0.014089000000000001	0.01372175	0.013365129999999999	0.013018999999999999	0.01268322	0.01235763	0.01204211	0.01173649	0.01144065	0.01115442	0.010877680000000001	0.01061027	0.01035204	0.01010285	0.0098625569999999992	0.0096310079999999999	0.0094080569999999992	0.0091935550000000008	0.0089873560000000002	0.0087893099999999998	0.0085992689999999997	0.0084170830000000006	0.0082426029999999994	0.0080756790000000005	0.0079161609999999997	0.007763898	0.0076187410000000001	0.0074805369999999998	0.0073491349999999997	0.007224383	0.0071061300000000004	0.0069942229999999999	0.0068885099999999996	0.0067888360000000003	0.0066950500000000001	0.0066069980000000002	0.0065245249999999998	0.0064474770000000001	0.0063757010000000001	0.0063090400000000001	0.006247341	0.006190447	0.0061382040000000004	0.0060904549999999998	0.0060470430000000002	0.0060078129999999999	0.0059726079999999999	0.0059412700000000002	0.0059136420000000002	0.0058895670000000001	0.0058688860000000002	0.0058514420000000001	0.0058370760000000001	0.0058256289999999997	0.0058169429999999998	0.005810857	0.0058072130000000003	0.0058058509999999999	0.0058066109999999997	0.0058093320000000004	0.0058138540000000002	0.0058200159999999999	0.005827657	0.0058366160000000002	0.005846731	0.0058578409999999999	0.0058697840000000003	0.0058823959999999998	0.0058955170000000003	0.0059089820000000001	0.0059226299999999999	0.0059362959999999998	0.0059498179999999999	0.0059630320000000001	0.0059757739999999997	0.0059878789999999998	0.0059991840000000003	0.0060095239999999996	0.0060187349999999999	0.0060266510000000001	0.0060331059999999999	0.0060379370000000002	0.0060409770000000003	0.0060420600000000001	0.0060410209999999997	0.0060376919999999999	0.0060319090000000002	0.0060235030000000004	0.0060123090000000004	0.0059981599999999998	0.0059808880000000002	0.0059603249999999998	0.0059363050000000002	0.0059086599999999996	0.0058772210000000002	0.0058418209999999996	0.0058022910000000002	0.0057584630000000001	0.0057101690000000002	0.0056572389999999997	0.0055995050000000003;
0.0061738749999999997	0.0060320260000000002	0.0058939429999999996	0.0057596000000000001	0.0056289649999999997	0.0055020110000000002	0.0053787069999999999	0.005259021	0.0051429220000000003	0.0050303759999999996	0.004921351	0.004815812	0.0047137239999999999	0.0046150519999999997	0.0045197579999999996	0.0044278060000000003	0.0043391569999999997	0.0042537720000000003	0.0041716130000000002	0.004092638	0.0040168060000000004	0.0039440760000000004	0.0038744040000000001	0.0038077480000000001	0.0037440619999999998	0.0036833019999999998	0.0036254220000000001	0.0035703750000000002	0.003518115	0.0034685919999999999	0.0034217570000000001	0.0033775620000000002	0.0033359560000000002	0.0032968860000000002	0.0032603020000000001	0.003226151	0.0031943779999999999	0.0031649289999999999	0.0031377499999999999	0.003112784	0.003089975	0.0030692649999999998	0.0030505950000000001	0.0030339080000000001	0.0030191430000000002	0.003006239	0.0029951349999999999	0.00298577	0.0029780800000000001	0.0029720010000000002	0.0029674699999999998	0.0029644210000000001	0.0029627880000000001	0.0029625039999999999	0.0029635030000000001	0.0029657160000000002	0.0029690739999999999	0.0029735080000000001	0.0029789460000000001	0.0029853190000000002	0.0029925529999999998	0.0030005769999999999	0.0030093170000000001	0.0030186990000000001	0.0030286480000000001	0.003039089	0.0030499450000000001	0.003061139	0.0030725940000000001	0.0030842299999999999	0.00309597	0.0031077330000000001	0.003119438	0.0031310050000000001	0.0031423509999999998	0.003153393	0.003164048	0.0031742329999999998	0.003183862	0.0031928490000000002	0.0032011100000000001	0.003208556	0.0032151010000000002	0.0032206560000000001	0.0032251329999999998	0.0032284420000000002	0.0032304930000000001	0.0032311950000000001	0.0032304569999999999	0.003228187	0.0032242909999999998	0.003218678	0.0032112519999999999	0.00320192	0.0031905850000000001	0.0031771529999999998	0.003161526	0.0031436089999999999	0.0031233020000000001	0.003100509	0.0030751289999999998];


bmsc_InternalChgResistY = 0:1:100;
bmsc_InternalChgResistX = [0 23 40];
